0123456 1264530 2530164 3402615 4651203 5346021 6015342
0123456 1204635 2056314 3415260 4362501 5631042 6540123
0123456 1452630 2015364 3264501 4306215 5641023 6530142
0123456 1254603 2540361 3462510 4601235 5316042 6035124
0123456 1462503 2641035 3254610 4305261 5036142 6510324
0123456 1204563 2630145 3452601 4365210 5016324 6541032
0123456 1564203 2016345 3402561 4251630 5630124 6345012
0123456 1542603 2461530 3254061 4036125 5610342 6305214
0123456 1534260 2450631 3602145 4261503 5046312 6315024
0123456 1542360 2451603 3614025 4260531 5036214 6305142
0123456 1540632 2451360 3264015 4612503 5306124 6035241
0123456 1504623 2456301 3065214 4231560 5640132 6312045
0123456 1642530 2031645 3465201 4350162 5206314 6514023
0123456 1640523 2065341 3456210 4231605 5312064 6504132
0123456 1452063 2541630 3615204 4036512 5260341 6304125
0123456 1465023 2536140 3604215 4250361 5041632 6312504
0123456 1604532 2465310 3056241 4312605 5240163 6531024
0123456 1634520 2541063 3012645 4356201 5260134 6405312
0123456 1340562 2435601 3061245 4256310 5604123 6512034
0123456 1340625 2436510 3051264 4265301 5614032 6502143
0123456 1635024 2560143 3416205 4052631 5241360 6304512
0123456 1245063 2530641 3602514 4056132 5461320 6314205
0123456 1364025 2516304 3651240 4035162 5240631 6402513
0123456 1302564 2461305 3654012 4035621 5246130 6510243
0123456 1360524 2546031 3051642 4602315 5234160 6415203
0123456 1652034 2015643 3246510 4560321 5304162 6431205
0123456 1206534 2651043 3045612 4530261 5364120 6412305
0123456 1435062 2561340 3652104 4016235 5204613 6340521
0123456 1346520 2534061 3415602 4260315 5602134 6051243
0123456 1562304 2054613 3615042 4306521 5431260 6240135
0123456 1230564 2645013 3516240 4062135 5304621 6451302
0123456 1536204 2615340 3451062 4360125 5042613 6204531
0123456 1534602 2415063 3641520 4206135 5360214 6052341
0123456 1360245 2514603 3406512 4652130 5231064 6045321
0123456 1246035 2460513 3605124 4051362 5312640 6534201
0123456 1560234 2345610 3054162 4236501 5612043 6401325
0123456 1456032 2310645 3561204 4205163 5642310 6034521
0123456 1506324 2014635 3265041 4631502 5342160 6450213
0123456 1562043 2430615 3245160 4316502 5601324 6054231
0123456 1460325 2641503 3514062 4235610 5306241 6052134
0123456 1462035 2651304 3506142 4315620 5034261 6240513
0123456 1654230 2430561 3516024 4305612 5062143 6241305
0123456 1605342 2046135 3564021 4352610 5410263 6231504
0123456 1634205 2561034 3416520 4052163 5340612 6205341
0123456 1436025 2365140 3614502 4250613 5042361 6501234
0123456 1436502 2640315 3502641 4065123 5314260 6251034
0123456 1435620 2016534 3504261 4650312 5261043 6342105
0123456 1645320 2416035 3201564 4562103 5034612 6350241
0123456 1642305 2365014 3256140 4501263 5430621 6014532
0123456 1205643 2031564 3642015 4516320 5460231 6354102
0123456 1405263 2614530 3250641 4536102 5361024 6042315
0123456 1302645 2650134 3041562 4516203 5264310 6435021
0123456 1345602 2634015 3061524 4506231 5412360 6250143
0123456 1536042 2354160 3245601 4601523 5062314 6410235
0123456 1350642 2514360 3461025 4605213 5236104 6042531
0123456 1652340 2345061 3214605 4506123 5061234 6430512
0123456 1432605 2564130 3046521 4315062 5601243 6250314
0123456 1546302 2364510 3405621 4251063 5610234 6032145
0123456 1065243 2354601 3502164 4610325 5436012 6241530
0123456 1230645 2014563 3645102 4561230 5406321 6352014
0123456 1256304 2045163 3514620 4630215 5362041 6401532
0123456 1406235 2654103 3012564 4365021 5231640 6540312
0123456 1564320 2630514 3201645 4015263 5346102 6452031
0123456 1265340 2356104 3542061 4610532 5401623 6034215
0123456 1450362 2601534 3562140 4236015 5014623 6345201
0123456 1365204 2654310 3042165 4501632 5236041 6410523
0123456 1650243 2346501 3064125 4512630 5401362 6235014
0123456 1405632 2310564 3546120 4652301 5064213 6231045
0123456 1350264 2406315 3541602 4635120 5264031 6012543
0123456 1635240 2501364 3246105 4062513 5410632 6354021
0123456 1036245 2341560 3560124 4615302 5402631 6254013
0123456 1356240 2634501 3041625 4510362 5462013 6205134
0123456 1064523 2635104 3240615 4502361 5416230 6351042
0123456 1045623 2650341 3506214 4312560 5461032 6234105
0123456 1502634 2356041 3410562 4061325 5634210 6245103
0123456 1354062 2061543 3406125 4615230 5230614 6542301
0123456 1205364 2364105 3650241 4516032 5432610 6041523
0123456 1034562 2346015 3265104 4510623 5602341 6451230
0123456 1042563 2614305 3256014 4531620 5360142 6405231
0123456 1342065 2064531 3650214 4215603 5436120 6501342
0123456 1206345 2540613 3654201 4361520 5032164 6415032
0123456 1052643 2436105 3260514 4605321 5341062 6514230
0123456 1235604 2041365 3560241 4652013 5406132 6314520
0123456 1234065 2560314 3605241 4351602 5046123 6412530
0123456 1532064 2056143 3460215 4205631 5614320 6341502
0123456 1062534 2314065 3450612 4635201 5206143 6541320
0123456 1406523 2351064 3610245 4562310 5234601 6045132
0123456 1245630 2064315 3650142 4512063 5436201 6301524
0123456 1605234 2564013 3456102 4012365 5341620 6230541
0123456 1546023 2304561 3260145 4015632 5631204 6452310
0123456 1054632 2401563 3562014 4216305 5630241 6345120
0123456 1465230 2506341 3052614 4210563 5634102 6341025
0123456 1056342 2340165 3205614 4562031 5614203 6431520
0123456 1654302 2306145 3240561 4561023 5012634 6435210
0123456 1062345 2415630 3540162 4206513 5634021 6351204
0123456 1056234 2361045 3214560 4502613 5640321 6435102
0123456 1456203 2341065 3065142 4630521 5214630 6502314
0123456 1065324 2431065 3510642 4256103 5604231 6342510
0123456 1506243 2341605 3215064 4632510 5064321 6450132
0123456 1046325 2305164 3652041 4560213 5431602 6214530
0123456 1305624 2546103 3412065 4650231 5061342 6234510
0123456 1042635 2416503 3250164 4635012 5361240 6504321
0123456 1035642 2506314 3450261 4612035 5264103 6341520
0123456 1034625 2450163 3546012 4602531 5261304 6315240
0123456 1250634 2046513 3405162 4631025 5364201 6512340
0123456 1246503 2654031 3560142 4032615 5301264 6415320
0123456 1064325 2351640 3510264 4605132 5246013 6432501
0123456 1362540 2536014 3450162 4605231 5241603 6014325
0123456 1604325 2316540 3251604 4065231 5430162 6542013
0123456 1064235 2546310 3610524 4235061 5301642 6452103
0123456 1402365 2635041 3560214 4016523 5341602 6254130
0123456 1046532 2410365 3501624 4265013 5634201 6352140
0123456 1036524 2645301 3564210 4351062 5210643 6402135
0123456 1046523 2601345 3452160 4265031 5314602 6530214
0123456 1256043 2564301 3640512 4302165 5031624 6415230
0123456 1035264 2456013 3610542 4301625 5264301 6542130
0123456 1265034 2654301 3542610 4301562 5016243 6430125
0123456 1054263 2640531 3502614 4361025 5416302 6235140
0123456 1052634 2435160 3260541 4316025 5641302 6504213
0123456 1065234 2456103 3241065 4532610 5604321 6310542
0123456 1052364 2534610 3460521 4615032 5246103 6301245
0123456 1264305 2631540 3540621 4356012 5402163 6015234
0123456 1645032 2036541 3512604 4351260 5460123 6204315
0123456 1035624 2360541 3204165 4651032 5416203 6542310
0123456 1306542 2035614 3240165 4652031 5461203 6514320
0123456 1240365 2465031 3601542 4056213 5312604 6534120
0123456 1465302 2016543 3640125 4352061 5201634 6534210
0123456 1042365 2610543 3504612 4256031 5361204 6435120
0123456 1045362 2604531 3410625 4256013 5362104 6531240
0123456 1045632 2430165 3604521 4562013 5316204 6251340
0123456 1204365 2065134 3540612 4632501 5416023 6351240
0123456 1630542 2546013 3015624 4361205 5204361 6452130
0123456 1530624 2465103 3016542 4201365 5642031 6354210
0123456 1260543 2456130 3645021 4031265 5302614 6514302
0123456 1430265 2516043 3642501 4265130 5301624 6054312
0123456 1056243 2564310 3640521 4312065 5231604 6405132
0123456 1254360 2615034 3460125 4506213 5342601 6031542
0123456 1054362 2645031 3462105 4536210 5310624 6201543
0123456 1546203 2014365 3250614 4635021 5462130 6301542
0123456 1205634 2361540 3410265 4056321 5642103 6534012
0123456 1062543 2350614 3401265 4536021 5614302 6245130
0123456 1352604 2630541 3546210 4261035 5014362 6405123
0123456 1602543 2054361 3465120 4536012 5210634 6341205
0123456 1304265 2051634 3460512 4615023 5246301 6532140
0123456 1034265 2351604 3612540 4560312 5406123 6245031
0123456 1036542 2405163 3510624 4362015 5641230 6254301
0123456 1654023 2510634 3062541 4301265 5436102 6245310
0123456 1206543 2645130 3014265 4530612 5462301 6351024
0123456 1236540 2501634 3465012 4310265 5642301 6054123
0123456 1564302 2045631 3651024 4230165 5406213 6312540
0123456 1340265 2015634 3654021 4506312 5462103 6231540
0123456 1650324 2034165 3206541 4365012 5412603 6541230
0123456 1460532 2506143 3054621 4231065 5612304 6345210
0123456 1504362 2315604 3261540 4056123 5640231 6432015
0123456 1640235 2301564 3465102 4516023 5032641 6254310
0123456 1056324 2460135 3645210 4531062 5214603 6302541
0123456 1046235 2531604 3602541 4215063 5460312 6354120
0123456 1456023 2361504 3215640 4032165 5604312 6540231
0123456 1645230 2530614 3402165 4216503 5361042 6054321
0123456 1032564 2465130 3210645 4651023 5346201 6504312
0123456 1654320 2306514 3041265 4532601 5460132 6215043
0123456 1560342 2604513 3215604 4356021 5432160 6041235
0123456 1432560 2605143 3546201 4210635 5364012 6051324
0123456 1532640 2604315 3210564 4365102 5046231 6451023
0123456 1365042 2504163 3046215 4651320 5432601 6210534
0123456 1356024 2601543 3540261 4215630 5064312 6432105
0123456 1346205 2605314 3451620 4560132 5214063 6032541
0123456 1632540 2405613 3056124 4561302 5340261 6214035
0123456 1632504 2405631 3564012 4356120 5041263 6210345
0123456 1032645 2406513 3645201 4561032 5214360 6350124
0123456 1456320 2501643 3640215 4032561 5364102 6215034
0123456 1354620 2506134 3641205 4065312 5432061 6210543
0123456 1645203 2304165 3561042 4216530 5032614 6450321
0123456 1045263 2604135 3450621 4361502 5216340 6532014
0123456 1564032 2405361 3216504 4051623 5632140 6340215
0123456 1532604 2401365 3654120 4360512 5216043 6045231
0123456 1345260 2504631 3061542 4632015 5216304 6450123
0123456 1432065 2305614 3216540 4650321 5064132 6541203
0123456 1054623 2605134 3461502 4210365 5346210 6532041
0123456 1546230 2305641 3214065 4650123 5461302 6032514
0123456 1360542 2504613 3045261 4632105 5216034 6451320
0123456 1632045 2406531 3564102 4351620 5210364 6045213
0123456 1065342 2406135 3541260 4350621 5632014 6214503
0123456 1540263 2304615 3456120 4061532 5632041 6215304
0123456 1450623 2605341 3064512 4216035 5341260 6532104
0123456 1465032 2306541 3051624 4532160 5640213 6214305
0123456 1350624 2504361 3216045 4065132 5641203 6432510
0123456 1364502 2401635 3650124 4532061 5046213 6215340
0123456 1064532 2301645 3456021 4215360 5632104 6540213