23154 34521 45213 51432
24153 31524 45231 53412
24513 31254 45132 53421
23514 35421 41253 54132
25431 34152 41523 53214
24531 35214 43152 51423
21453 35124 43512 54231
25413 34251 41532 53124
23451 34512 45123 51234
25134 31452 43521 54213
21534 35412 43251 54123

23154 34521 45213 51432
23514 31452 45231 54123
23451 31524 45132 54213
25413 31254 43521 54132
25431 34152 41523 53214
21534 34251 45123 53412
21453 35124 43512 54231
25134 34512 43251 51423
24153 35214 41532 53421
24531 35412 41253 53124
24513 35421 43152 51234

23154 34521 45213 51432
23514 31452 45231 54123
24153 35421 43512 51234
24513 31254 45132 53421
25413 31524 43152 54231
25431 34152 41523 53214
21453 35214 43521 54132
21534 34251 45123 53412
23451 35124 41532 54213
25134 34512 43251 51423
24531 35412 41253 53124

23154 34521 45213 51432
23514 31452 45231 54123
23451 35214 41523 54132
24513 31254 45132 53421
25431 31524 43152 54213
24153 35421 41532 53214
25413 34152 43521 51234
21534 34251 45123 53412
21453 35124 43512 54231
25134 34512 43251 51423
24531 35412 41253 53124

23154 34521 45213 51432
23451 31524 45132 54213
24531 35124 41253 53412
23514 31452 45123 54231
25134 34251 43512 51423
25413 31254 43521 54132
25431 34152 41523 53214
21453 34512 45231 53124
24153 35214 41532 53421
24513 35421 43152 51234
21534 35412 43251 54123

23154 34521 45213 51432
23451 31524 45132 54213
24531 31452 45123 53214
23514 34152 45231 51423
25413 31254 43521 54132
25431 34512 41253 53124
21453 35124 43512 54231
25134 34251 41523 53412
24153 35214 41532 53421
24513 35421 43152 51234
21534 35412 43251 54123

23154 34521 45213 51432
24153 35421 43512 51234
24531 31452 45123 53214
23514 34152 45231 51423
24513 31254 45132 53421
25413 31524 43152 54231
25431 34512 41253 53124
21453 35214 43521 54132
23451 35124 41532 54213
25134 34251 41523 53412
21534 35412 43251 54123

23154 34521 45213 51432
24153 35421 43512 51234
24531 31254 45123 53412
25413 31524 43152 54231
25431 34152 41523 53214
24513 31452 45231 53124
21453 35214 43521 54132
23451 35124 41532 54213
23514 34251 45132 51423
25134 34512 41253 53421
21534 35412 43251 54123

23154 34521 45213 51432
24531 35124 41253 53412
23451 35214 41523 54132
24513 31254 45132 53421
25431 31524 43152 54213
23514 31452 45123 54231
24153 35421 41532 53214
25413 34152 43521 51234
25134 34251 43512 51423
21453 34512 45231 53124
21534 35412 43251 54123

23154 34521 45213 51432
24531 35124 41253 53412
24513 31254 45132 53421
23514 31452 45123 54231
25134 34251 43512 51423
25431 34152 41523 53214
21453 34512 45231 53124
21534 35421 43152 54213
25413 31524 43251 54132
24153 35412 43521 51234
23451 35214 41532 54123

23154 34521 45213 51432
23451 35214 41523 54132
25431 31524 43152 54213
24531 31254 45123 53412
24153 35421 41532 53214
25413 34152 43521 51234
24513 31452 45231 53124
23514 34251 45132 51423
21453 35124 43512 54231
25134 34512 41253 53421
21534 35412 43251 54123

23154 34521 45213 51432
24531 31452 45123 53214
23514 34152 45231 51423
24513 31254 45132 53421
25431 34512 41253 53124
21534 35421 43152 54213
25413 31524 43251 54132
21453 35124 43512 54231
24153 35412 43521 51234
25134 34251 41523 53412
23451 35214 41532 54123

23154 34521 45213 51432
24531 31254 45123 53412
25431 34152 41523 53214
24513 31452 45231 53124
21534 35421 43152 54213
25413 31524 43251 54132
23514 34251 45132 51423
21453 35124 43512 54231
24153 35412 43521 51234
25134 34512 41253 53421
23451 35214 41532 54123

21534 34152 45213 53421
24153 31524 45231 53412
23514 35421 41253 54132
24531 35214 43152 51423
21453 34521 45132 53214
25413 34251 41532 53124
23451 34512 45123 51234
25134 31452 43521 54213
23154 35412 41523 54231
24513 35124 43251 51432
25431 31254 43512 54123

21534 34152 45213 53421
23514 31452 45231 54123
23451 31524 45132 54213
24531 31254 45123 53412
24153 35421 41532 53214
25134 34251 43512 51423
25431 34512 41253 53124
21453 35214 43521 54132
25413 34521 43152 51234
23154 35412 41523 54231
24513 35124 43251 51432

21534 34152 45213 53421
23514 31452 45231 54123
23451 35214 41523 54132
24531 31254 45123 53412
25134 34251 43512 51423
25413 31524 43152 54231
25431 34512 41253 53124
21453 34521 45132 53214
24153 35412 43521 51234
23154 35421 41532 54213
24513 35124 43251 51432

21534 34152 45213 53421
23514 31452 45231 54123
24531 31254 45123 53412
25134 34251 43512 51423
25431 34512 41253 53124
24153 35214 43521 51432
21453 34521 45132 53214
25413 31524 43251 54132
23451 35124 41532 54213
23154 35412 41523 54231
24513 35421 43152 51234

21534 34152 45213 53421
23451 31524 45132 54213
24531 35124 41253 53412
24153 35421 41532 53214
24513 31452 45231 53124
21453 35214 43521 54132
25413 34521 43152 51234
25134 34512 43251 51423
23514 34251 45123 51432
23154 35412 41523 54231
25431 31254 43512 54123

21534 34152 45213 53421
23451 31524 45132 54213
23154 34512 45231 51423
23514 31452 45123 54231
24153 35421 41532 53214
21453 35214 43521 54132
25413 34521 43152 51234
25134 34251 41523 53412
24513 35124 43251 51432
24531 35412 41253 53124
25431 31254 43512 54123

21534 34152 45213 53421
24153 35421 43512 51234
24531 35124 41253 53412
25431 31524 43152 54213
25413 31254 43521 54132
24513 31452 45231 53124
21453 34521 45132 53214
25134 34512 43251 51423
23514 34251 45123 51432
23154 35412 41523 54231
23451 35214 41532 54123

21534 34152 45213 53421
24153 35421 43512 51234
23154 34512 45231 51423
25431 31524 43152 54213
23514 31452 45123 54231
25413 31254 43521 54132
21453 34521 45132 53214
25134 34251 41523 53412
24513 35124 43251 51432
24531 35412 41253 53124
23451 35214 41532 54123

21534 34152 45213 53421
24153 35421 43512 51234
24531 31452 45123 53214
25431 31524 43152 54213
25134 34521 41253 53412
25413 31254 43521 54132
21453 34512 45231 53124
23514 34251 45132 51423
23154 35412 41523 54231
24513 35124 43251 51432
23451 35214 41532 54123

21534 34152 45213 53421
24531 35124 41253 53412
23451 35214 41523 54132
25413 31524 43152 54231
24513 31452 45231 53124
21453 34521 45132 53214
24153 35412 43521 51234
25134 34512 43251 51423
23154 35421 41532 54213
23514 34251 45123 51432
25431 31254 43512 54123

21534 34152 45213 53421
23154 34512 45231 51423
23514 31452 45123 54231
24153 35214 43521 51432
21453 34521 45132 53214
25413 31524 43251 54132
23451 35124 41532 54213
25134 34251 41523 53412
24531 35412 41253 53124
24513 35421 43152 51234
25431 31254 43512 54123

21534 34152 45213 53421
23451 35214 41523 54132
24531 31452 45123 53214
25413 31524 43152 54231
25134 34521 41253 53412
21453 34512 45231 53124
23514 34251 45132 51423
24153 35412 43521 51234
23154 35421 41532 54213
24513 35124 43251 51432
25431 31254 43512 54123

21534 34152 45213 53421
24531 31452 45123 53214
25134 34521 41253 53412
24153 35214 43521 51432
21453 34512 45231 53124
25413 31524 43251 54132
23451 35124 41532 54213
23514 34251 45132 51423
23154 35412 41523 54231
24513 35421 43152 51234
25431 31254 43512 54123

23514 31452 45231 54123
23451 31524 45213 54132
24513 31254 45132 53421
24153 35214 43521 51432
25431 34152 41523 53214
25413 34521 43152 51234
21534 34251 45123 53412
21453 35124 43512 54231
25134 34512 43251 51423
23154 35421 41532 54213
24531 35412 41253 53124

23514 31452 45231 54123
23451 31524 45213 54132
24531 31254 45123 53412
25413 34152 43521 51234
25134 34251 43512 51423
25431 34512 41253 53124
21534 35421 43152 54213
21453 34521 45132 53214
23154 35412 41523 54231
24153 35214 41532 53421
24513 35124 43251 51432

23451 31524 45132 54213
23154 34512 45231 51423
25134 34521 41253 53412
25413 31254 43521 54132
25431 34152 41523 53214
21453 35124 43512 54231
24531 31452 45213 53124
23514 34251 45123 51432
24153 35214 41532 53421
24513 35421 43152 51234
21534 35412 43251 54123

23451 31524 45132 54213
23514 34152 45231 51423
24153 35421 41532 53214
21453 35214 43521 54132
25413 34521 43152 51234
21534 34251 45123 53412
24531 31452 45213 53124
23154 35412 41523 54231
25134 34512 41253 53421
24513 35124 43251 51432
25431 31254 43512 54123

24153 35421 43512 51234
23154 34512 45231 51423
24513 31254 45132 53421
25413 31524 43152 54231
25134 34521 41253 53412
25431 34152 41523 53214
21453 35214 43521 54132
23451 35124 41532 54213
24531 31452 45213 53124
23514 34251 45123 51432
21534 35412 43251 54123

24153 35421 43512 51234
23514 34152 45231 51423
25431 31524 43152 54213
25413 31254 43521 54132
21534 34251 45123 53412
21453 34521 45132 53214
24531 31452 45213 53124
23154 35412 41523 54231
25134 34512 41253 53421
24513 35124 43251 51432
23451 35214 41532 54123

23451 31524 45213 54132
24531 35124 41253 53412
24513 31254 45132 53421
23514 31452 45123 54231
25134 34251 43512 51423
24153 35214 43521 51432
25431 34152 41523 53214
21453 34512 45231 53124
25413 34521 43152 51234
23154 35421 41532 54213
21534 35412 43251 54123

23451 31524 45213 54132
24531 35124 41253 53412
25413 34152 43521 51234
24513 31452 45231 53124
21534 35421 43152 54213
21453 34521 45132 53214
25134 34512 43251 51423
23514 34251 45123 51432
23154 35412 41523 54231
24153 35214 41532 53421
25431 31254 43512 54123

23451 31524 45213 54132
23154 34512 45231 51423
23514 31452 45123 54231
25413 34152 43521 51234
21534 35421 43152 54213
21453 34521 45132 53214
25134 34251 41523 53412
24153 35214 41532 53421
24513 35124 43251 51432
24531 35412 41253 53124
25431 31254 43512 54123

23451 31524 45213 54132
24531 31452 45123 53214
23514 34152 45231 51423
24513 31254 45132 53421
25431 34512 41253 53124
24153 35214 43521 51432
25413 34521 43152 51234
21453 35124 43512 54231
25134 34251 41523 53412
23154 35421 41532 54213
21534 35412 43251 54123

23451 31524 45213 54132
24531 31452 45123 53214
25413 34152 43521 51234
25134 34521 41253 53412
21453 34512 45231 53124
21534 35421 43152 54213
23514 34251 45132 51423
23154 35412 41523 54231
24153 35214 41532 53421
24513 35124 43251 51432
25431 31254 43512 54123

23451 31524 45213 54132
24531 31254 45123 53412
24153 35214 43521 51432
25431 34152 41523 53214
24513 31452 45231 53124
25413 34521 43152 51234
23514 34251 45132 51423
21453 35124 43512 54231
23154 35421 41532 54213
25134 34512 41253 53421
21534 35412 43251 54123

23154 34512 45231 51423
23451 35214 41523 54132
24513 31254 45132 53421
25431 31524 43152 54213
24153 35421 41532 53214
25413 34152 43521 51234
25134 34521 41253 53412
21453 35124 43512 54231
24531 31452 45213 53124
23514 34251 45123 51432
21534 35412 43251 54123

23154 34512 45231 51423
24513 31254 45132 53421
25134 34521 41253 53412
25431 34152 41523 53214
21534 35421 43152 54213
25413 31524 43251 54132
21453 35124 43512 54231
24153 35412 43521 51234
24531 31452 45213 53124
23514 34251 45123 51432
23451 35214 41532 54123

23451 35214 41523 54132
23514 34152 45231 51423
25413 31524 43152 54231
21534 34251 45123 53412
21453 34521 45132 53214
24153 35412 43521 51234
24531 31452 45213 53124
23154 35421 41532 54213
25134 34512 41253 53421
24513 35124 43251 51432
25431 31254 43512 54123

23514 34152 45231 51423
24153 35214 43521 51432
21534 34251 45123 53412
21453 34521 45132 53214
25413 31524 43251 54132
23451 35124 41532 54213
24531 31452 45213 53124
23154 35412 41523 54231
25134 34512 41253 53421
24513 35421 43152 51234
25431 31254 43512 54123

