0123456 1452630 2346015 3614502 4501263 5260341 6035124
0123456 1435620 2356104 3514062 4260531 5601243 6042315
0123456 1534260 2346501 3615042 4260315 5401623 6052134
0123456 1405623 2346105 3514260 4062531 5631042 6250314
0123456 1504263 2056134 3415620 4631502 5362041 6240315
0123456 1405263 2046315 3514620 4361502 5632041 6250134
0123456 1504623 2056314 3415062 4362501 5631240 6240135
0123456 1435260 2046135 3514602 4601523 5260314 6352041
0123456 1634502 2056341 3415260 4501623 5260134 6342015
0123456 1534620 2356014 3405261 4261503 5610342 6042135
0123456 1604523 2360145 3415602 4531260 5246031 6052314
0123456 1605243 2460135 3014562 4531620 5246301 6352014
0123456 1635240 2514603 3401562 4256031 5062314 6340125
0123456 1634520 2415603 3501264 4260135 5346012 6052341
0123456 1504632 2065341 3256014 4631520 5410263 6342105
0123456 1534602 2346510 3615024 4062135 5401263 6250341
0123456 1240365 2356041 3614520 4531602 5062134 6405213
0123456 1246035 2431560 3504612 4615203 5062341 6350124
0123456 1534062 2451603 3615240 4360125 5206314 6042531
0123456 1435602 2650134 3214560 4062315 5346021 6501243
0123456 1234560 2460315 3501642 4615023 5046231 6352104
0123456 1654023 2046531 3510642 4362105 5431260 6205314
0123456 1435062 2360514 3504621 4651203 5246130 6012345
0123456 1642035 2065314 3504261 4316502 5431620 6250143
0123456 1056342 2640135 3405621 4231560 5362014 6514203
0123456 1405362 2531640 3056124 4362015 5614203 6240531
0123456 1504362 2631540 3246015 4052631 5360124 6415203
0123456 1256034 2061345 3405612 4510263 5634120 6342501
0123456 1034562 2406315 3651240 4510623 5362104 6245031
0123456 1204563 2560134 3451620 4635201 5046312 6312045
0123456 1604532 2365014 3451260 4512603 5046321 6230145
0123456 1260345 2401563 3056214 4315602 5642031 6534120
0123456 1635042 2350614 3416520 4561203 5042361 6204135
0123456 1436520 2340615 3615204 4501362 5264031 6052143
0123456 1235640 2456031 3504162 4612503 5061324 6340215
0123456 1630542 2364105 3501624 4015263 5246310 6452031
0123456 1402563 2064135 3541620 4615302 5236041 6350214
0123456 1605342 2064531 3541260 4312605 5236014 6450123
0123456 1450263 2064315 3601542 4315620 5236104 6542031
0123456 1632540 2560314 3401265 4015623 5346102 6254031
0123456 1532640 2614503 3405162 4056321 5360214 6241035
0123456 1564203 2650314 3401625 4312560 5046132 6235041
0123456 1432560 2640315 3015642 4356201 5261034 6504123
0123456 1035642 2546301 3412560 4360215 5604123 6251034
0123456 1635204 2364015 3512640 4056132 5240361 6401523
0123456 1265034 2340165 3604521 4056312 5412603 6531240
0123456 1362045 2504163 3416502 4635210 5240631 6051324
0123456 1502643 2065134 3410562 4256301 5634210 6341025
0123456 1462035 2350164 3604512 4516203 5231640 6045321
0123456 1035264 2504613 3641520 4216305 5462031 6350142
0123456 1062345 2546031 3250164 4605213 5314602 6431520
0123456 1260534 2016345 3451602 4635120 5342061 6504213
0123456 1462530 2501643 3614205 4356021 5230164 6045312
0123456 1405632 2634510 3046125 4512063 5360241 6251304
0123456 1062534 2316045 3541602 4250361 5604213 6435120
0123456 1042365 2360541 3605214 4256130 5431602 6514023
0123456 1465203 2534160 3601524 4356012 5042631 6210345
0123456 1634205 2350641 3461520 4015362 5246013 6502134
0123456 1360245 2534610 3641502 4052361 5216034 6405123
0123456 1052364 2405613 3561240 4216035 5634102 6340521
0123456 1430562 2615043 3564210 4352601 5206134 6041325
0123456 1264035 2510643 3605124 4031562 5346201 6452310
0123456 1246305 2514630 3062514 4605123 5431062 6350241
0123456 1452063 2061534 3516240 4635102 5340621 6204315
0123456 1056324 2410563 3605142 4261035 5342601 6534210
0123456 1250364 2015643 3604215 4562031 5346120 6431502
0123456 1256304 2604513 3410625 4531062 5362140 6045231
0123456 1046532 2435610 3604125 4352061 5261304 6510243
0123456 1530642 2041365 3654210 4265031 5306124 6412503
0123456 1362504 2540631 3601245 4256310 5034162 6415023
0123456 1042635 2364510 3605241 4530162 5216304 6451023
0123456 1342065 2601543 3465210 4250631 5016324 6534102
0123456 1046325 2365104 3612540 4501632 5234061 6450213
0123456 1356024 2041635 3610542 4502163 5264301 6435210
0123456 1346025 2635140 3461502 4502613 5210364 6054231
0123456 1240635 2605143 3462510 4051362 5316024 6534201
0123456 1602543 2435160 3510624 4056231 5364012 6241305
0123456 1246530 2405163 3610245 4532601 5361024 6054312
0123456 1046235 2610543 3451062 4562301 5234610 6305124
0123456 1052634 2560341 3614025 4201563 5346210 6435102
0123456 1056234 2461503 3502641 4615320 5340162 6234015
0123456 1250634 2364501 3645210 4016325 5402163 6531042
0123456 1352064 2534601 3046215 4601532 5260143 6415320
0123456 1064235 2531604 3256041 4610523 5342160 6405312
0123456 1264305 2051634 3406512 4532160 5610243 6345021
0123456 1406523 2561034 3042615 4315260 5630142 6254301
0123456 1342605 2564031 3051264 4605312 5236140 6410523
0123456 1562034 2634501 3240615 4356120 5401362 6015243
0123456 1364502 2530641 3645120 4206315 5412063 6051234
0123456 1462503 2045631 3650214 4316025 5234160 6501342
0123456 1506243 2054631 3610524 4261305 5432160 6345012
0123456 1654203 2016534 3402615 4365021 5241360 6530142
0123456 1542603 2365041 3654120 4210365 5036214 6401532
0123456 1536240 2051364 3645102 4210635 5364021 6402513
0123456 1436502 2610345 3542610 4205163 5064231 6351024
0123456 1304562 2630145 3452610 4516023 5061234 6245301
0123456 1265304 2356140 3402561 4530612 5614023 6041235
0123456 1236045 2541630 3450162 4602513 5364201 6015324
0123456 1452603 2615340 3264015 4301562 5036124 6540231
0123456 1645203 2036145 3460512 4512630 5201364 6354021
0123456 1542630 2361045 3205164 4630512 5416203 6054321
0123456 1364025 2056143 3201564 4615230 5430612 6542301
0123456 1365024 2641503 3410265 4532610 5206341 6054132
0123456 1346205 2601534 3450612 4215063 5064321 6532140
0123456 1064325 2306514 3215640 4652031 5430162 6541203
0123456 1564230 2341065 3602514 4215603 5036142 6450321
0123456 1206534 2415063 3540612 4061325 5632140 6354201
0123456 1205643 2361504 3452160 4016235 5634012 6540321
0123456 1502634 2456301 3640512 4361025 5014263 6235140
0123456 1256340 2460531 3502614 4035162 5641203 6314025
0123456 1206345 2354061 3561204 4632510 5410623 6045132
0123456 1340625 2054361 3506142 4612530 5461203 6235014
0123456 1056243 2641035 3502164 4265301 5314620 6430512
0123456 1605324 2354601 3540162 4061235 5216043 6432510
0123456 1652034 2341605 3465120 4210563 5036241 6504312
0123456 1356204 2560143 3041562 4605321 5432610 6214035
0123456 1360524 2654031 3412605 4536210 5041362 6205143
0123456 1054362 2536140 3641205 4360521 5402613 6215034
0123456 1350624 2645031 3564102 4012563 5436210 6201345
0123456 1364205 2045361 3650124 4236510 5401632 6512043
0123456 1065324 2450631 3241560 4316205 5602143 6534012
0123456 1364520 2450361 3241605 4635012 5016234 6502143
0123456 1356042 2541603 3402165 4065321 5614230 6230514
0123456 1456032 2530164 3642510 4365201 5201643 6014325
0123456 1064532 2650341 3542160 4231605 5406213 6315024
0123456 1065234 2450163 3542601 4236015 5601342 6314520
0123456 1632504 2310645 3541062 4065231 5406123 6254310
0123456 1532604 2340561 3456210 4601325 5064132 6215043
0123456 1530264 2345601 3456120 4612035 5064312 6201543
0123456 1350264 2564301 3602145 4235610 5416023 6041532
0123456 1536042 2614530 3052164 4205613 5460321 6341205
0123456 1642503 2461035 3506214 4350621 5214360 6035142
0123456 1352604 2640531 3564120 4201365 5016243 6435012
0123456 1562043 2641305 3205614 4350261 5436120 6014532
0123456 1635024 2540361 3054612 4361205 5206143 6412530
0123456 1265043 2436510 3654102 4012635 5340261 6501324
0123456 1560234 2345061 3652140 4036512 5214603 6401325
0123456 1340265 2465031 3512604 4056123 5604312 6231540
0123456 1345602 2416035 3562140 4650321 5031264 6204513
0123456 1432605 2351064 3216540 4065213 5640321 6504132
0123456 1640325 2504631 3016542 4235160 5361204 6452013
0123456 1365204 2506143 3452061 4610325 5041632 6234510
0123456 1642305 2031564 3516042 4365120 5204613 6450231
0123456 1460235 2645301 3251640 4506123 5312064 6034512
0123456 1460523 2651034 3206145 4512360 5034612 6345201
0123456 1462305 2314560 3506124 4035612 5640231 6251043
0123456 1354062 2460513 3201645 4536120 5642301 6015234
0123456 1650234 2514063 3245610 4306125 5462301 6031542
0123456 1632045 2351604 3045162 4206513 5460231 6514320
0123456 1465023 2654301 3206514 4310265 5031642 6542130
0123456 1045632 2314065 3261540 4506213 5630124 6452301
0123456 1640235 2465301 3051642 4316520 5204163 6532014
0123456 1460325 2316504 3254610 4605132 5041263 6532041
0123456 1236540 2461305 3054261 4305612 5640123 6512034
0123456 1562304 2406513 3254160 4310625 5641032 6035241
0123456 1206543 2314605 3645012 4560231 5032164 6451320
0123456 1045263 2631504 3256140 4560321 5304612 6412035
0123456 1630245 2516034 3452601 4061523 5304162 6245310
0123456 1650324 2061543 3546210 4312065 5234601 6405132
0123456 1642530 2435061 3204615 4560123 5316204 6051342
0123456 1532064 2461530 3650142 4305621 5046213 6214305
0123456 1065243 2410635 3546120 4652301 5231064 6304512
0123456 1302645 2561304 3245160 4650231 5436012 6014523
0123456 1560243 2614305 3456021 4305162 5032614 6241530
0123456 1560324 2614035 3246510 4051263 5432601 6305142
0123456 1305642 2416305 3042561 4561023 5630214 6254130
0123456 1346520 2431605 3054162 4560213 5612034 6205341
0123456 1650243 2516304 3204165 4061532 5342610 6435021
0123456 1342560 2651304 3205641 4536012 5460123 6014235
0123456 1652304 2415630 3046512 4530261 5261043 6304125
0123456 1564023 2630541 3045612 4206135 5412360 6351204
0123456 1640532 2561043 3406125 4352610 5034261 6215304
0123456 1530624 2341560 3056241 4265013 5604132 6412305
0123456 1546032 2301645 3264510 4650123 5012364 6435201
0123456 1456203 2014635 3602541 4265310 5341062 6530124
0123456 1345620 2014365 3560142 4256013 5631204 6402531
0123456 1450623 2536014 3645201 4012365 5264130 6301542
0123456 1536024 2064513 3450261 4612305 5301642 6245130
0123456 1564320 2435601 3241065 4650213 5306142 6012534
0123456 1204635 2015364 3650241 4562013 5436102 6341520
0123456 1304625 2641530 3056142 4235061 5460213 6512304
0123456 1230645 2615304 3542061 4361520 5406132 6054213
0123456 1645230 2564103 3251064 4306512 5032641 6410325
0123456 1264530 2635041 3406215 4052163 5341602 6510324
0123456 1406532 2315604 3042165 4561320 5630241 6254013
0123456 1306542 2015634 3640125 4532061 5264310 6451203
0123456 1204365 2615034 3456102 4530621 5061243 6342510
0123456 1402635 2510364 3265140 4056213 5634021 6341502
0123456 1604235 2541360 3456012 4065123 5230641 6312504
0123456 1036245 2310564 3654012 4562103 5241630 6405321
0123456 1205364 2546130 3651042 4062513 5430621 6314205
0123456 1062543 2510634 3245061 4631205 5406312 6354120
0123456 1036542 2465103 3254061 4302615 5641320 6510234
0123456 1430625 2315064 3642501 4506132 5064213 6251340
0123456 1645032 2410365 3506241 4362510 5231604 6054123
0123456 1254063 2610534 3065142 4301625 5436201 6542310
0123456 1652340 2401635 3045261 4536102 5264013 6310524
0123456 1354620 2601345 3546102 4035261 5462013 6210534
0123456 1506342 2451063 3245601 4610235 5364120 6032514
0123456 1064523 2431065 3250641 4506312 5642130 6315204
0123456 1604325 2430561 3546012 4265130 5312604 6051243
0123456 1032564 2605341 3564012 4256103 5341620 6410235
0123456 1456023 2035614 3204561 4562130 5641302 6310245
0123456 1645320 2436501 3561042 4250163 5012634 6304215
0123456 1054263 2345610 3206541 4561032 5612304 6430125
0123456 1542360 2036541 3465012 4601235 5310624 6254103
0123456 1402365 2536041 3064512 4251603 5610234 6345120
0123456 1256043 2304615 3465102 4032561 5610324 6541230
0123456 1645302 2564013 3406521 4352160 5210634 6031245
0123456 1254603 2645130 3061542 4536021 5310264 6402315
0123456 1564302 2306145 3640521 4251063 5412630 6035214
0123456 1205634 2650143 3041265 4562310 5436021 6314502
0123456 1546320 2065143 3612504 4201635 5430261 6354012
0123456 1346502 2450613 3015264 4602135 5261340 6534021
0123456 1305624 2456013 3240165 4632501 5061342 6514230
0123456 1362540 2605134 3540621 4036215 5214063 6451302
0123456 1605234 2354610 3260145 4016523 5432061 6541302
0123456 1306524 2054163 3642015 4215630 5461302 6530241
0123456 1602534 2051643 3546021 4230165 5364210 6415302
0123456 1264503 2405631 3510264 4036125 5642310 6351042
0123456 1302564 2645310 3210645 4536201 5064123 6451032
0123456 1506324 2014563 3640215 4235601 5361042 6452130
0123456 1564032 2405361 3642105 4356210 5210643 6031524
0123456 1065342 2604135 3516024 4250613 5341260 6432501
0123456 1250643 2635104 3014265 4306521 5462310 6541032
0123456 1536204 2604315 3450621 4065132 5241063 6312540
0123456 1652043 2501634 3246105 4065312 5314260 6430521
0123456 1465302 2651043 3046521 4302165 5214630 6530214
0123456 1456302 2564130 3641025 4305261 5230614 6012543
0123456 1546302 2451630 3214065 4630521 5062143 6305214
0123456 1602345 2036514 3540261 4351620 5264103 6415032
0123456 1045362 2516043 3462501 4630125 5201634 6354210
0123456 1052643 2304165 3465201 4216530 5640312 6531024
0123456 1406325 2531064 3052641 4365210 5640132 6214503
0123456 1304265 2530614 3645021 4261530 5016342 6452103
0123456 1546230 2035641 3412065 4260513 5601324 6354102
0123456 1502364 2456130 3041625 4365012 5634201 6210543
0123456 1630524 2054613 3546201 4215360 5461032 6302145
0123456 1036524 2465013 3214605 4350162 5641230 6502341
0123456 1465320 2534061 3016245 4652103 5340612 6201534
0123456 1540632 2605314 3216045 4351260 5462103 6034521
0123456 1230564 2654013 3045621 4561302 5316240 6402135
0123456 1260543 2345160 3456201 4602315 5031624 6514032
0123456 1245630 2456103 3562041 4630215 5014362 6301524
0123456 1465032 2654103 3012645 4230561 5306214 6541320
0123456 1506234 2451360 3612045 4265103 5034621 6340512
0123456 1054623 2546310 3462105 4315062 5601234 6230541
0123456 1306245 2465130 3240561 4052613 5631024 6514302
0123456 1054632 2506341 3210564 4632105 5461023 6345210
0123456 1406235 2630514 3564021 4251360 5012643 6345102
0123456 1345062 2016543 3651204 4230615 5462130 6504321
0123456 1345260 2536104 3261045 4602531 5014623 6450312
0123456 1035624 2564310 3246501 4301265 5612043 6450132
0123456 1340562 2406135 3564201 4051623 5632014 6215340
0123456 1245360 2306541 3460125 4652013 5014632 6531204
0123456 1265340 2034561 3416205 4651023 5302614 6540132
0123456 1540362 2305614 3652041 4216503 5461230 6034125
0123456 1254630 2416503 3062145 4635021 5301264 6540312
0123456 1654302 2305164 3416025 4561230 5240613 6032541
0123456 1450632 2041563 3265041 4306215 5614320 6532104
0123456 1650342 2045163 3462015 4516230 5301624 6234501
0123456 1354602 2635014 3062541 4516320 5240163 6401235
0123456 1452360 2640513 3264105 4035621 5316042 6501234
0123456 1254360 2540613 3461205 4036521 5602134 6315042
0123456 1546023 2401365 3065241 4350612 5632104 6214530
0123456 1540623 2035164 3264501 4652310 5416032 6301245
0123456 1365042 2540163 3014625 4236501 5602314 6451230
0123456 1640523 2456310 3061245 4502631 5314062 6235104
0123456 1654320 2305641 3460215 4516032 5042163 6231504
0123456 1235064 2406531 3064125 4351602 5640213 6512340
0123456 1235604 2416530 3064215 4351062 5602341 6540123
0123456 1236504 2354160 3461025 4605231 5042613 6510342
0123456 1354260 2506314 3260541 4015632 5642103 6431025
0123456 1234065 2645103 3560241 4051632 5416320 6302514
0123456 1032645 2546013 3654201 4310562 5461320 6205134
0123456 1034625 2541063 3260514 4356102 5612340 6405231
0123456 1245603 2301564 3654021 4560312 5416230 6032145
0123456 1305264 2430615 3064521 4651032 5216340 6542103
0123456 1436025 2304561 3560214 4652130 5241603 6015342
0123456 1560342 2046513 3215064 4651230 5304621 6432105
0123456 1456320 2631045 3012564 4205631 5364102 6540213
0123456 1562340 2645013 3256104 4031265 5410632 6304521
0123456 1654230 2031645 3465021 4516302 5302164 6240513
0123456 1245063 2506134 3460521 4651302 5312640 6034215
0123456 1540263 2654310 3016524 4365102 5402631 6231045
0123456 1654032 2561340 3215604 4302561 5046123 6430215
0123456 1645023 2430165 3254601 4016532 5361240 6502314
0123456 1240563 2034615 3562104 4615032 5406321 6351240
0123456 1352640 2604531 3560124 4231065 5416302 6045213
0123456 1042563 2436015 3251604 4560132 5604321 6315240
0123456 1034265 2315640 3652104 4206531 5460312 6541023
0123456 1432065 2361540 3250614 4506231 5614302 6045123
0123456 1045623 2651340 3512064 4360512 5406231 6234105
0123456 1430265 2045613 3261504 4506321 5614032 6352140
0123456 1460532 2516340 3052614 4631025 5304261 6245103
0123456 1546203 2034165 3265014 4651320 5302641 6410532
0123456 1350642 2465310 3516204 4032165 5641023 6204531
0123456 1634025 2546103 3065214 4251630 5410362 6302541
0123456 1356240 2634105 3061524 4510632 5402361 6245013
0123456 1046523 2351640 3265104 4510362 5604231 6432015
0123456 1450362 2365140 3216504 4031625 5642013 6504231
0123456 1360542 2501364 3054621 4632015 5246103 6415230
0123456 1542063 2316540 3065124 4650312 5204631 6431205
0123456 1465230 2504361 3652014 4236105 5041623 6310542
0123456 1456230 2634015 3015624 4502361 5360142 6241503
0123456 1365240 2436105 3051624 4610532 5204361 6542013
0123456 1246503 2514360 3651024 4032615 5460132 6305241
0123456 1234605 2415360 3561024 4650132 5306241 6042513
0123456 1436205 2654130 3562014 4205361 5310642 6041523
